01  1330 2331  1323 2359  1255 0024  1215 0047  1140 0109  1119 0131  1122 0140  1140 0126  1201 0052  1221 0012  1245 2336  1312 2320  
02  1330 2332  1322 0000  1254 0025  1214 0048  1139 0110  1119 0131  1122 0140  1141 0125  1202 0051  1222 0011  1246 2335  1313 2320  
03  1331 2333  1321 0001  1253 0025  1213 0049  1138 0111  1119 0132  1123 0140  1141 0124  1203 0050  1222 0009  1247 2334  1314 2320  
04  1331 2333  1320 0002  1252 0026  1211 0049  1137 0111  1118 0132  1123 0140  1142 0124  1203 0048  1223 0008  1248 2333  1314 2320  
05  1331 2334  1320 0003  1251 0027  1210 0050  1136 0112  1118 0133  1123 0139  1143 0123  1204 0047  1224 0007  1248 2332  1315 2320  
06  1331 2335  1319 0004  1249 0028  1209 0051  1135 0113  1118 0133  1124 0139  1144 0122  1204 0046  1224 0005  1249 2332  1316 2320  
07  1331 2336  1318 0005  1248 0029  1207 0051  1134 0113  1118 0134  1124 0139  1144 0121  1205 0044  1225 0004  1250 2331  1317 2320  
08  1331 2337  1317 0006  1247 0029  1206 0052  1133 0114  1118 0134  1125 0139  1145 0120  1206 0043  1226 0003  1251 2330  1318 2320  
09  1331 2337  1316 0006  1246 0030  1205 0053  1132 0115  1118 0135  1125 0139  1146 0119  1206 0042  1227 0001  1252 2329  1318 2320  
10  1331 2338  1316 0007  1244 0031  1204 0054  1132 0116  1118 0135  1126 0138  1146 0118  1207 0040  1227 0000  1253 2329  1319 2320  
11  1331 2339  1315 0008  1243 0032  1202 0054  1131 0116  1118 0136  1127 0138  1147 0117  1208 0039  1228 2359  1254 2328  1320 2320  
12  1331 2340  1314 0009  1242 0032  1201 0055  1130 0117  1118 0136  1127 0138  1148 0116  1208 0038  1229 2358  1255 2327  1320 2321  
13  1331 2341  1313 0010  1240 0033  1200 0056  1129 0118  1118 0137  1128 0137  1148 0115  1209 0036  1230 2356  1256 2327  1321 2321  
14  1330 2342  1312 0011  1239 0034  1159 0056  1128 0119  1118 0137  1128 0137  1149 0114  1210 0035  1230 2355  1257 2326  1322 2321  
15  1330 2343  1311 0012  1238 0035  1157 0057  1128 0119  1118 0137  1129 0137  1150 0113  1210 0034  1231 2354  1257 2325  1323 2322  
16  1330 2344  1310 0013  1236 0035  1156 0058  1127 0120  1118 0138  1129 0136  1150 0112  1211 0032  1232 2353  1258 2325  1323 2322  
17  1330 2345  1309 0014  1235 0036  1155 0059  1126 0121  1118 0138  1130 0136  1151 0111  1212 0031  1233 2352  1259 2324  1324 2322  
18  1330 2346  1308 0015  1234 0037  1154 0059  1126 0122  1118 0138  1131 0135  1152 0109  1212 0030  1233 2351  1300 2324  1324 2323  
19  1329 2347  1307 0015  1232 0038  1153 0100  1125 0122  1118 0138  1131 0135  1153 0108  1213 0028  1234 2349  1301 2323  1325 2323  
20  1329 2347  1306 0016  1231 0038  1152 0101  1124 0123  1118 0139  1132 0134  1153 0107  1214 0027  1235 2348  1302 2323  1325 2324  
21  1328 2348  1305 0017  1230 0039  1150 0102  1124 0124  1119 0139  1133 0134  1154 0106  1214 0025  1236 2347  1303 2322  1326 2324  
22  1328 2349  1303 0018  1229 0040  1149 0102  1123 0124  1119 0139  1133 0133  1155 0105  1215 0024  1237 2346  1304 2322  1327 2325  
23  1328 2350  1302 0019  1227 0041  1148 0103  1123 0125  1119 0139  1134 0133  1155 0104  1216 0023  1237 2345  1305 2322  1327 2325  
24  1327 2351  1301 0020  1226 0041  1147 0104  1122 0126  1119 0139  1135 0132  1156 0102  1216 0021  1238 2344  1306 2321  1327 2326  
25  1327 2352  1300 0021  1225 0042  1146 0105  1122 0126  1120 0140  1135 0131  1157 0101  1217 0020  1239 2343  1307 2321  1328 2326  
26  1326 2353  1259 0021  1223 0043  1145 0105  1121 0127  1120 0140  1136 0131  1157 0100  1218 0019  1240 2342  1307 2321  1328 2327  
27  1326 2354  1258 0022  1222 0043  1144 0106  1121 0128  1120 0140  1137 0130  1158 0059  1218 0017  1241 2341  1308 2321  1329 2327  
28  1325 2355  1257 0023  1221 0044  1143 0107  1121 0128  1121 0140  1137 0129  1159 0057  1219 0016  1242 2340  1309 2320  1329 2328  
29  1325 2356  1256 0024  1219 0045  1142 0108  1120 0129  1121 0140  1138 0129  1159 0056  1220 0015  1242 2339  1310 2320  1329 2329  
30  1324 2357  0600 0600  1218 0046  1141 0108  1120 0129  1121 0140  1139 0128  1200 0055  1220 0013  1243 2338  1311 2320  1330 2329  
31  1323 2358  0600 0600  1217 0046  0600 0600  1119 0130  0600 0600  1139 0127  1201 0054  0600 0600  1244 2337  0600 0600  1330 2330  
